Hsa-Let-7-P1a.aln	1	50	50
Hsa-Let-7-P1b.aln	51	98	48
Hsa-Let-7-P1c.aln	99	149	51
Hsa-Let-7-P2a1.aln	150	201	52
Hsa-Let-7-P2a2.aln	202	257	56
Hsa-Let-7-P2a3.aln	258	309	52
Hsa-Let-7-P2b1.aln	310	785	476
Hsa-Let-7-P2b2.aln	786	852	67
Hsa-Let-7-P2b3.aln	853	933	81
Hsa-Let-7-P2c1.aln	934	1011	78
Hsa-Let-7-P2c2.aln	1012	1074	63
Hsa-Let-7-P2c3.aln	1075	1136	62
Hsa-Mir-1-P1.aln	1137	1185	49
Hsa-Mir-1-P2.aln	1186	1227	42
Hsa-Mir-1-P3.aln	1228	1281	54
Hsa-Mir-10-P1a-v1.aln	1282	1332	51
Hsa-Mir-10-P1a-v2.aln	1333	1384	52
Hsa-Mir-10-P1b-v1.aln	1385	1430	46
Hsa-Mir-10-P1b-v2.aln	1431	1472	42
Hsa-Mir-10-P2a.aln	1473	1518	46
Hsa-Mir-10-P2b.aln	1519	1562	44
Hsa-Mir-10-P2c.aln	1563	1603	41
Hsa-Mir-10-P3a.aln	1604	1652	49
Hsa-Mir-10-P3b.aln	1653	1693	41
Hsa-Mir-10-P3c.aln	1694	1743	50
Hsa-Mir-101-P1-v1.aln	1744	1780	37
Hsa-Mir-101-P1-v2.aln	1781	1819	39
Hsa-Mir-101-P2-v1.aln	1820	1861	42
Hsa-Mir-101-P2-v2.aln	1862	1906	45
Hsa-Mir-103-P1.aln	1907	1948	42
Hsa-Mir-103-P2.aln	1949	1995	47
Hsa-Mir-103-P3.aln	1996	2036	41
Hsa-Mir-105-P1.aln	2037	2076	40
Hsa-Mir-105-P2.aln	2077	3657	1581
Hsa-Mir-1180.aln	3658	3696	39
Hsa-Mir-122-as.aln	3697	3738	42
Hsa-Mir-122.aln	3739	3812	74
Hsa-Mir-124-P1-v1.aln	3813	3854	42
Hsa-Mir-124-P1-v2.aln	3855	3896	42
Hsa-Mir-124-P2-v1.aln	3897	3938	42
Hsa-Mir-124-P2-v2.aln	3939	3979	41
Hsa-Mir-124-P3-v1.aln	3980	4021	42
Hsa-Mir-124-P3-v2.aln	4022	4072	51
Hsa-Mir-1247.aln	4073	4120	48
Hsa-Mir-1249.aln	4121	4160	40
Hsa-Mir-1251.aln	4161	4199	39
Hsa-Mir-1252.aln	4200	4239	40
Hsa-Mir-126-v1.aln	4240	4280	41
Hsa-Mir-126-v2.aln	4281	4322	42
Hsa-Mir-126-v3.aln	4323	4363	41
Hsa-Mir-1266.aln	4364	4406	43
Hsa-Mir-1269.aln	4407	4451	45
Hsa-Mir-127.aln	4452	4488	37
Hsa-Mir-1270.aln	4489	4535	47
Hsa-Mir-1271.aln	4536	4577	42
Hsa-Mir-1276.aln	4578	4617	40
Hsa-Mir-1277.aln	4618	4670	53
Hsa-Mir-1278.aln	4671	4729	59
Hsa-Mir-128-P1.aln	4730	4773	44
Hsa-Mir-128-P2.aln	4774	4827	54
Hsa-Mir-1286.aln	4828	4863	36
Hsa-Mir-1287.aln	4864	4906	43
Hsa-Mir-129-P1.aln	4907	4957	51
Hsa-Mir-129-P2.aln	4958	5003	46
Hsa-Mir-1294.aln	5004	5044	41
Hsa-Mir-1295.aln	5045	5088	44
Hsa-Mir-1296.aln	5089	5134	46
Hsa-Mir-1298.aln	5135	5196	62
Hsa-Mir-130-P1a.aln	5197	5255	59
Hsa-Mir-130-P1b.aln	5256	5306	51
Hsa-Mir-130-P2a.aln	5307	5347	41
Hsa-Mir-130-P2b.aln	5348	5404	57
Hsa-Mir-130-P4a.aln	5405	5459	55
Hsa-Mir-1301.aln	5460	5503	44
Hsa-Mir-1307.aln	5504	5543	40
Hsa-Mir-132-P1.aln	5544	5595	52
Hsa-Mir-132-P2.aln	5596	5820	225
Hsa-Mir-1323.aln	5821	5856	36
Hsa-Mir-133-P1-v1.aln	5857	5934	78
Hsa-Mir-133-P1-v2.aln	5935	6013	79
Hsa-Mir-133-P2-v1.aln	6014	6052	39
Hsa-Mir-133-P2-v2.aln	6053	6092	40
Hsa-Mir-133-P3-v1.aln	6093	6138	46
Hsa-Mir-133-P3-v2.aln	6139	6185	47
Hsa-Mir-134.aln	6186	6234	49
Hsa-Mir-1343.aln	6235	6284	50
Hsa-Mir-135-P1.aln	6285	6338	54
Hsa-Mir-135-P2.aln	6339	6388	50
Hsa-Mir-135-P3.aln	6389	6437	49
Hsa-Mir-136-v1.aln	6438	6474	37
Hsa-Mir-136-v2.aln	6475	6512	38
Hsa-Mir-137-P1-v1.aln	6513	6549	37
Hsa-Mir-137-P1-v2.aln	6550	6587	38
Hsa-Mir-138-P1.aln	6588	6639	52
Hsa-Mir-138-P2.aln	6640	6686	47
Hsa-Mir-139.aln	6687	6730	44
Hsa-Mir-140-v1.aln	6731	6776	46
Hsa-Mir-140-v2.aln	6777	6821	45
Hsa-Mir-142-v1.aln	6822	6876	55
Hsa-Mir-142-v2.aln	6877	6930	54
Hsa-Mir-142-v3.aln	6931	6983	53
Hsa-Mir-142-v4.aln	6984	7052	69
Hsa-Mir-143.aln	7053	7091	39
Hsa-Mir-144.aln	7092	7129	38
Hsa-Mir-145.aln	7130	7183	54
Hsa-Mir-146-P1.aln	7184	7226	43
Hsa-Mir-146-P2.aln	7227	7268	42
Hsa-Mir-147-v1.aln	7269	7323	55
Hsa-Mir-147-v2.aln	7324	7367	44
Hsa-Mir-148-P1.aln	7368	7409	42
Hsa-Mir-148-P2.aln	7410	7451	42
Hsa-Mir-148-P3.aln	7452	7497	46
Hsa-Mir-149.aln	7498	7538	41
Hsa-Mir-15-P1a.aln	7539	7587	49
Hsa-Mir-15-P1b.aln	7588	7629	42
Hsa-Mir-15-P1c.aln	7630	7670	41
Hsa-Mir-15-P1d.aln	7671	7713	43
Hsa-Mir-15-P2a.aln	7714	7761	48
Hsa-Mir-15-P2b.aln	7762	7811	50
Hsa-Mir-15-P2c.aln	7812	7856	45
Hsa-Mir-15-P2d.aln	7857	7936	80
Hsa-Mir-150.aln	7937	7987	51
Hsa-Mir-153-P1.aln	7988	8037	50
Hsa-Mir-153-P2.aln	8038	8081	44
Hsa-Mir-154-P1.aln	8082	8133	52
Hsa-Mir-154-P10.aln	8134	8172	39
Hsa-Mir-154-P12.aln	8173	8212	40
Hsa-Mir-154-P13.aln	8213	8248	36
Hsa-Mir-154-P14.aln	8249	8282	34
Hsa-Mir-154-P15.aln	8283	8320	38
Hsa-Mir-154-P16.aln	8321	8360	40
Hsa-Mir-154-P17.aln	8361	8399	39
Hsa-Mir-154-P18.aln	8400	8436	37
Hsa-Mir-154-P19.aln	8437	8478	42
Hsa-Mir-154-P2-v1.aln	8479	8516	38
Hsa-Mir-154-P2-v2.aln	8517	8549	33
Hsa-Mir-154-P20-v1.aln	8550	8587	38
Hsa-Mir-154-P20-v2.aln	8588	8626	39
Hsa-Mir-154-P21.aln	8627	8674	48
Hsa-Mir-154-P22.aln	8675	8717	43
Hsa-Mir-154-P23.aln	8718	8767	50
Hsa-Mir-154-P24.aln	8768	8809	42
Hsa-Mir-154-P25.aln	8810	8849	40
Hsa-Mir-154-P26.aln	8850	8894	45
Hsa-Mir-154-P27.aln	8895	8939	45
Hsa-Mir-154-P28a.aln	8940	8986	47
Hsa-Mir-154-P28b.aln	8987	9027	41
Hsa-Mir-154-P29.aln	9028	9068	41
Hsa-Mir-154-P30.aln	9069	9109	41
Hsa-Mir-154-P36.aln	9110	9148	39
Hsa-Mir-154-P3a-v1.aln	9149	9186	38
Hsa-Mir-154-P3a-v2.aln	9187	9223	37
Hsa-Mir-154-P3b.aln	9224	9269	46
Hsa-Mir-154-P4a.aln	9270	9314	45
Hsa-Mir-154-P4b.aln	9315	10200	886
Hsa-Mir-154-P5.aln	10201	10238	38
Hsa-Mir-154-P6.aln	10239	10280	42
Hsa-Mir-154-P7.aln	10281	10320	40
Hsa-Mir-154-P8.aln	10321	10362	42
Hsa-Mir-154-P9.aln	10363	10407	45
Hsa-Mir-155.aln	10408	10451	44
Hsa-Mir-17-P1a.aln	10452	10499	48
Hsa-Mir-17-P1b.aln	10500	10558	59
Hsa-Mir-17-P1c.aln	10559	10606	48
Hsa-Mir-17-P2a.aln	10607	10649	43
Hsa-Mir-17-P2b.aln	10650	10714	65
Hsa-Mir-17-P3a.aln	10715	10788	74
Hsa-Mir-17-P3b.aln	10789	10836	48
Hsa-Mir-17-P3c.aln	10837	10877	41
Hsa-Mir-181-P1a.aln	10878	10945	68
Hsa-Mir-181-P1b.aln	10946	11015	70
Hsa-Mir-181-P1c.aln	11016	11062	47
Hsa-Mir-181-P2a.aln	11063	11103	41
Hsa-Mir-181-P2b.aln	11104	11144	41
Hsa-Mir-181-P2c.aln	11145	11187	43
Hsa-Mir-184.aln	11188	11239	52
Hsa-Mir-185.aln	11240	11274	35
Hsa-Mir-186.aln	11275	11314	40
Hsa-Mir-187.aln	11315	11365	51
Hsa-Mir-188-P1.aln	11366	11407	42
Hsa-Mir-188-P2.aln	11408	11445	38
Hsa-Mir-188-P3.aln	11446	11486	41
Hsa-Mir-19-P1.aln	11487	11525	39
Hsa-Mir-19-P2a.aln	11526	11589	64
Hsa-Mir-19-P2b.aln	11590	11646	57
Hsa-Mir-190-P1.aln	11647	11688	42
Hsa-Mir-190-P2.aln	11689	11747	59
Hsa-Mir-1908.aln	11748	11793	46
Hsa-Mir-191.aln	11794	11843	50
Hsa-Mir-1910.aln	11844	11884	41
Hsa-Mir-1911.aln	11885	11929	45
Hsa-Mir-1912.aln	11930	11968	39
Hsa-Mir-1913.aln	11969	12008	40
Hsa-Mir-1914.aln	12009	12044	36
Hsa-Mir-192-P1.aln	12045	12094	50
Hsa-Mir-192-P2.aln	12095	12146	52
Hsa-Mir-193-P1a.aln	12147	12189	43
Hsa-Mir-193-P1b.aln	12190	12248	59
Hsa-Mir-193-P2a.aln	12249	12296	48
Hsa-Mir-193-P2b.aln	12297	12348	52
Hsa-Mir-194-P1.aln	12349	12402	54
Hsa-Mir-194-P2.aln	12403	12448	46
Hsa-Mir-196-P1.aln	12449	12497	49
Hsa-Mir-196-P2.aln	12498	12542	45
Hsa-Mir-196-P3.aln	12543	12587	45
Hsa-Mir-197.aln	12588	12631	44
Hsa-Mir-199-P1-v1.aln	12632	12679	48
Hsa-Mir-199-P1-v2.aln	12680	12726	47
Hsa-Mir-199-P1-v3.aln	12727	12775	49
Hsa-Mir-199-P2-v1.aln	12776	12825	50
Hsa-Mir-199-P2-v2.aln	12826	12874	49
Hsa-Mir-199-P2-v3.aln	12875	12925	51
Hsa-Mir-199-P3-v1.aln	12926	12981	56
Hsa-Mir-199-P3-v2.aln	12982	13036	55
Hsa-Mir-199-P3-v3.aln	13037	13093	57
Hsa-Mir-202.aln	13094	13132	39
Hsa-Mir-203-v1.aln	13133	13178	46
Hsa-Mir-203-v2.aln	13179	13225	47
Hsa-Mir-204-P1.aln	13226	13268	43
Hsa-Mir-204-P2.aln	13269	13312	44
Hsa-Mir-205-P1.aln	13313	13357	45
Hsa-Mir-208-P1.aln	13358	13401	44
Hsa-Mir-208-P2.aln	13402	13454	53
Hsa-Mir-21.aln	13455	13507	53
Hsa-Mir-210.aln	13508	13556	49
Hsa-Mir-2114.aln	13557	13600	44
Hsa-Mir-2115.aln	13601	13638	38
Hsa-Mir-2116.aln	13639	13680	42
Hsa-Mir-214-v1.aln	13681	13763	83
Hsa-Mir-214-v2.aln	13764	13845	82
Hsa-Mir-216-P1a.aln	13846	13889	44
Hsa-Mir-216-P1b.aln	13890	13934	45
Hsa-Mir-217-v1.aln	13935	13977	43
Hsa-Mir-217-v2.aln	13978	14021	44
Hsa-Mir-218-P1.aln	14022	14077	56
Hsa-Mir-218-P2.aln	14078	14142	65
Hsa-Mir-219-P1.aln	14143	14198	56
Hsa-Mir-219-P2-as.aln	14199	14252	54
Hsa-Mir-219-P2.aln	14253	14337	85
Hsa-Mir-22-P1a.aln	14338	14382	45
Hsa-Mir-221-P1.aln	14383	14425	43
Hsa-Mir-221-P2.aln	14426	14474	49
Hsa-Mir-223.aln	14475	14530	56
Hsa-Mir-224.aln	14531	14582	52
Hsa-Mir-2276.aln	14583	14624	42
Hsa-Mir-2277.aln	14625	14694	70
Hsa-Mir-23-P1.aln	14695	14740	46
Hsa-Mir-23-P2.aln	14741	14794	54
Hsa-Mir-2355.aln	14795	14848	54
Hsa-Mir-24-P1.aln	14849	14896	48
Hsa-Mir-24-P2.aln	14897	14961	65
Hsa-Mir-2467.aln	14962	15010	49
Hsa-Mir-26-P1.aln	15011	15057	47
Hsa-Mir-26-P2.aln	15058	15101	44
Hsa-Mir-26-P3.aln	15102	15144	43
Hsa-Mir-27-P1.aln	15145	15191	47
Hsa-Mir-27-P2.aln	15192	15237	46
Hsa-Mir-28-P1.aln	15238	15280	43
Hsa-Mir-28-P2.aln	15281	15317	37
Hsa-Mir-28-P3.aln	15318	15365	48
Hsa-Mir-29-P1a.aln	15366	15413	48
Hsa-Mir-29-P1b.aln	15414	15459	46
Hsa-Mir-29-P2a.aln	15460	15509	50
Hsa-Mir-29-P2b-v1.aln	15510	15567	58
Hsa-Mir-29-P2b-v2.aln	15568	15634	67
Hsa-Mir-296.aln	15635	15675	41
Hsa-Mir-30-P1a.aln	15676	15740	65
Hsa-Mir-30-P1b.aln	15741	15789	49
Hsa-Mir-30-P1c.aln	15790	15843	54
Hsa-Mir-30-P2a.aln	15844	15893	50
Hsa-Mir-30-P2b.aln	15894	15939	46
Hsa-Mir-30-P2c.aln	15940	15997	58
Hsa-Mir-3059.aln	15998	16034	37
Hsa-Mir-3085.aln	16035	16077	43
Hsa-Mir-31.aln	16078	16118	41
Hsa-Mir-3126.aln	16119	16163	45
Hsa-Mir-3127.aln	16164	16200	37
Hsa-Mir-3136.aln	16201	16245	45
Hsa-Mir-3138.aln	16246	16291	46
Hsa-Mir-3140.aln	16292	16356	65
Hsa-Mir-3144-v1.aln	16357	16393	37
Hsa-Mir-3144-v2.aln	16394	16430	37
Hsa-Mir-3145.aln	16431	16468	38
Hsa-Mir-3146.aln	16469	16510	42
Hsa-Mir-3173.aln	16511	16551	41
Hsa-Mir-3174.aln	16552	16601	50
Hsa-Mir-3180-P1.aln	16602	16645	44
Hsa-Mir-3180-P2.aln	16646	16689	44
Hsa-Mir-3180-P3.aln	16690	16733	44
Hsa-Mir-3187.aln	16734	16779	46
Hsa-Mir-3194.aln	16780	16819	40
Hsa-Mir-32.aln	16820	16861	42
Hsa-Mir-3200.aln	16862	16910	49
Hsa-Mir-324.aln	16911	16946	36
Hsa-Mir-325.aln	16947	16989	43
Hsa-Mir-326.aln	16990	17031	42
Hsa-Mir-328.aln	17032	17075	44
Hsa-Mir-33-P1.aln	17076	17126	51
Hsa-Mir-33-P2.aln	17127	17175	49
Hsa-Mir-330-v1.aln	17176	17217	42
Hsa-Mir-330-v2.aln	17218	17258	41
Hsa-Mir-331.aln	17259	17296	38
Hsa-Mir-335.aln	17297	17338	42
Hsa-Mir-337-as.aln	17339	17386	48
Hsa-Mir-337-v1.aln	17387	17430	44
Hsa-Mir-337-v2.aln	17431	17473	43
Hsa-Mir-338-P1-as.aln	17474	17535	62
Hsa-Mir-338-P1.aln	17536	17619	84
Hsa-Mir-339.aln	17620	17655	36
Hsa-Mir-34-P1.aln	17656	17704	49
Hsa-Mir-34-P2a.aln	17705	17785	81
Hsa-Mir-34-P2b.aln	17786	17839	54
Hsa-Mir-34-P3a.aln	17840	18040	201
Hsa-Mir-34-P3b.aln	18041	18080	40
Hsa-Mir-34-P3c.aln	18081	18128	48
Hsa-Mir-340.aln	18129	18172	44
Hsa-Mir-342.aln	18173	18221	49
Hsa-Mir-345.aln	18222	18265	44
Hsa-Mir-346.aln	18266	18310	45
Hsa-Mir-361-v1.aln	18311	18356	46
Hsa-Mir-361-v2.aln	18357	18397	41
Hsa-Mir-3611.aln	18398	18491	94
Hsa-Mir-3613.aln	18492	18531	40
Hsa-Mir-3617.aln	18532	18579	48
Hsa-Mir-3619.aln	18580	18613	34
Hsa-Mir-362-P1.aln	18614	18649	36
Hsa-Mir-362-P2-v1.aln	18650	19449	800
Hsa-Mir-362-P2-v2.aln	19450	20248	799
Hsa-Mir-362-P3.aln	20249	20728	480
Hsa-Mir-362-P4.aln	20729	20777	49
Hsa-Mir-362-P5.aln	20778	21581	804
Hsa-Mir-3622.aln	21582	21619	38
Hsa-Mir-3663.aln	21620	21670	51
Hsa-Mir-370.aln	21671	21715	45
Hsa-Mir-374-P1.aln	21716	21753	38
Hsa-Mir-374-P2.aln	21754	21786	33
Hsa-Mir-375.aln	21787	21830	44
Hsa-Mir-376-P1.aln	21831	22102	272
Hsa-Mir-376-P2.aln	22103	23581	1479
Hsa-Mir-376-P3.aln	23582	24010	429
Hsa-Mir-376-P4.aln	24011	24899	889
Hsa-Mir-378.aln	24900	24944	45
Hsa-Mir-383-v1.aln	24945	24985	41
Hsa-Mir-383-v2.aln	24986	25026	41
Hsa-Mir-3909.aln	25027	25069	43
Hsa-Mir-3924.aln	25070	25144	75
Hsa-Mir-3934.aln	25145	25187	43
Hsa-Mir-3940.aln	25188	25222	35
Hsa-Mir-3942.aln	25223	25264	42
Hsa-Mir-3944.aln	25265	25312	48
Hsa-Mir-423.aln	25313	25351	39
Hsa-Mir-425.aln	25352	25399	48
Hsa-Mir-430-P1.aln	25400	25451	52
Hsa-Mir-430-P11a.aln	25452	26034	583
Hsa-Mir-430-P11b.aln	26035	26089	55
Hsa-Mir-430-P13.aln	26090	26140	51
Hsa-Mir-430-P14.aln	26141	26177	37
Hsa-Mir-430-P15a.aln	26178	26219	42
Hsa-Mir-430-P15b.aln	26220	27233	1014
Hsa-Mir-430-P15c.aln	27234	27276	43
Hsa-Mir-430-P2.aln	27277	27334	58
Hsa-Mir-430-P20.aln	27335	27375	41
Hsa-Mir-430-P21.aln	27376	27422	47
Hsa-Mir-430-P22.aln	27423	27461	39
Hsa-Mir-430-P23.aln	27462	27499	38
Hsa-Mir-430-P24.aln	27500	27541	42
Hsa-Mir-430-P25.aln	27542	27583	42
Hsa-Mir-430-P26.aln	27584	27627	44
Hsa-Mir-430-P27.aln	27628	27667	40
Hsa-Mir-430-P28.aln	27668	27709	42
Hsa-Mir-430-P29.aln	27710	27751	42
Hsa-Mir-430-P3.aln	27752	27919	168
Hsa-Mir-430-P30.aln	27920	28881	962
Hsa-Mir-430-P31.aln	28882	28922	41
Hsa-Mir-430-P32.aln	28923	28966	44
Hsa-Mir-430-P33.aln	28967	29009	43
Hsa-Mir-430-P34.aln	29010	29050	41
Hsa-Mir-430-P35.aln	29051	29092	42
Hsa-Mir-430-P36.aln	29093	29135	43
Hsa-Mir-430-P37a.aln	29136	29178	43
Hsa-Mir-430-P37b.aln	29179	29228	50
Hsa-Mir-430-P39a.aln	29229	29270	42
Hsa-Mir-430-P39b.aln	29271	29313	43
Hsa-Mir-430-P4.aln	29314	30446	1133
Hsa-Mir-430-P41.aln	30447	30487	41
Hsa-Mir-430-P42.aln	30488	30528	41
Hsa-Mir-430-P43.aln	30529	30577	49
Hsa-Mir-430-P44.aln	30578	30616	39
Hsa-Mir-430-P45.aln	30617	30655	39
Hsa-Mir-430-P46.aln	30656	30706	51
Hsa-Mir-430-P47.aln	30707	30746	40
Hsa-Mir-430-P48.aln	30747	30783	37
Hsa-Mir-430-P49.aln	30784	30823	40
Hsa-Mir-430-P5.aln	30824	32135	1312
Hsa-Mir-430-P50.aln	32136	32179	44
Hsa-Mir-430-P6.aln	32180	32465	286
Hsa-Mir-430-P7.aln	32466	32508	43
Hsa-Mir-430-P8a.aln	32509	32556	48
Hsa-Mir-430-P8b.aln	32557	32605	49
Hsa-Mir-430-P9a.aln	32606	32645	40
Hsa-Mir-430-P9b.aln	32646	32685	40
Hsa-Mir-431.aln	32686	32730	45
Hsa-Mir-432.aln	32731	32778	48
Hsa-Mir-433.aln	32779	32836	58
Hsa-Mir-4424.aln	32837	32879	43
Hsa-Mir-448.aln	32880	32947	68
Hsa-Mir-450-P1.aln	32948	33175	228
Hsa-Mir-450-P2.aln	33176	33379	204
Hsa-Mir-450-P3.aln	33380	33555	176
Hsa-Mir-451.aln	33556	33582	27
Hsa-Mir-452-v1.aln	33583	33622	40
Hsa-Mir-452-v2.aln	33623	33661	39
Hsa-Mir-4524.aln	33662	33696	35
Hsa-Mir-455.aln	33697	33733	37
Hsa-Mir-459.aln	33734	33777	44
Hsa-Mir-4637.aln	33778	33833	56
Hsa-Mir-4661.aln	33834	33871	38
Hsa-Mir-4662.aln	33872	33908	37
Hsa-Mir-4664.aln	33909	33950	42
Hsa-Mir-4677.aln	33951	34005	55
Hsa-Mir-4731.aln	34006	34057	52
Hsa-Mir-4766.aln	34058	34095	38
Hsa-Mir-483.aln	34096	34142	47
Hsa-Mir-486.aln	34143	34190	48
Hsa-Mir-488.aln	34191	34232	42
Hsa-Mir-489-v1.aln	34233	34291	59
Hsa-Mir-489-v2.aln	34292	34356	65
Hsa-Mir-490.aln	34357	34400	44
Hsa-Mir-491.aln	34401	34438	38
Hsa-Mir-493.aln	34439	34482	44
Hsa-Mir-498.aln	34483	34522	40
Hsa-Mir-499.aln	34523	34571	49
Hsa-Mir-5000.aln	34572	34616	45
Hsa-Mir-5010.aln	34617	34679	63
Hsa-Mir-504-v1.aln	34680	34717	38
Hsa-Mir-504-v2.aln	34718	34754	37
Hsa-Mir-505-v1.aln	34755	34791	37
Hsa-Mir-505-v2.aln	34792	34829	38
Hsa-Mir-506-P1.aln	34830	34871	42
Hsa-Mir-506-P10.aln	34872	34908	37
Hsa-Mir-506-P11.aln	34909	34959	51
Hsa-Mir-506-P12.aln	34960	34998	39
Hsa-Mir-506-P13.aln	34999	35042	44
Hsa-Mir-506-P2.aln	35043	35083	41
Hsa-Mir-506-P3.aln	35084	35150	67
Hsa-Mir-506-P4a1.aln	35151	35205	55
Hsa-Mir-506-P4a2.aln	35206	35260	55
Hsa-Mir-506-P4b.aln	35261	36182	922
Hsa-Mir-506-P5.aln	36183	36224	42
Hsa-Mir-506-P6a1.aln	36225	36260	36
Hsa-Mir-506-P6a2.aln	36261	36296	36
Hsa-Mir-506-P6b.aln	36297	36338	42
Hsa-Mir-506-P6c.aln	36339	36374	36
Hsa-Mir-506-P7a.aln	36375	36423	49
Hsa-Mir-506-P7b.aln	36424	37038	615
Hsa-Mir-506-P7c.aln	37039	37653	615
Hsa-Mir-506-P8.aln	37654	37702	49
Hsa-Mir-506-P9.aln	37703	37738	36
Hsa-Mir-511.aln	37739	37795	57
Hsa-Mir-541.aln	37796	37843	48
Hsa-Mir-542-v1.aln	37844	37885	42
Hsa-Mir-542-v2.aln	37886	37924	39
Hsa-Mir-544.aln	37925	37963	39
Hsa-Mir-550-P1.aln	37964	38007	44
Hsa-Mir-550-P2.aln	38008	38047	40
Hsa-Mir-550-P3.aln	38048	38086	39
Hsa-Mir-551-P1.aln	38087	38134	48
Hsa-Mir-551-P2.aln	38135	38182	48
Hsa-Mir-552.aln	38183	38220	38
Hsa-Mir-556.aln	38221	38262	42
Hsa-Mir-5579.aln	38263	38302	40
Hsa-Mir-5581.aln	38303	38347	45
Hsa-Mir-5586.aln	38348	38386	39
Hsa-Mir-561.aln	38387	38434	48
Hsa-Mir-5683.aln	38435	38478	44
Hsa-Mir-5687.aln	38479	38517	39
Hsa-Mir-574.aln	38518	38559	42
Hsa-Mir-576.aln	38560	38600	41
Hsa-Mir-577.aln	38601	38641	41
Hsa-Mir-579.aln	38642	38683	42
Hsa-Mir-580.aln	38684	38723	40
Hsa-Mir-582.aln	38724	38763	40
Hsa-Mir-584.aln	38764	38805	42
Hsa-Mir-585.aln	38806	38841	36
Hsa-Mir-589.aln	38842	38894	53
Hsa-Mir-590.aln	38895	38943	49
Hsa-Mir-592.aln	38944	38984	41
Hsa-Mir-597.aln	38985	39027	43
Hsa-Mir-598.aln	39028	39077	50
Hsa-Mir-599.aln	39078	39129	52
Hsa-Mir-605-v1.aln	39130	39168	39
Hsa-Mir-605-v2.aln	39169	39211	43
Hsa-Mir-615.aln	39212	39259	48
Hsa-Mir-616.aln	39260	39300	41
Hsa-Mir-624.aln	39301	39337	37
Hsa-Mir-628.aln	39338	39379	42
Hsa-Mir-629.aln	39380	39419	40
Hsa-Mir-642-as.aln	39420	39457	38
Hsa-Mir-642.aln	39458	39495	38
Hsa-Mir-651.aln	39496	39543	48
Hsa-Mir-652.aln	39544	39587	44
Hsa-Mir-6529.aln	39588	39641	54
Hsa-Mir-653.aln	39642	39683	42
Hsa-Mir-670.aln	39684	39729	46
Hsa-Mir-671.aln	39730	39772	43
Hsa-Mir-6715.aln	39773	39814	42
Hsa-Mir-675.aln	39815	39859	45
Hsa-Mir-676.aln	39860	39917	58
Hsa-Mir-7-P1.aln	39918	39963	46
Hsa-Mir-7-P2.aln	39964	40012	49
Hsa-Mir-7-P3.aln	40013	40073	61
Hsa-Mir-7151.aln	40074	40113	40
Hsa-Mir-744.aln	40114	40170	57
Hsa-Mir-760.aln	40171	40212	42
Hsa-Mir-766.aln	40213	40255	43
Hsa-Mir-769.aln	40256	40301	46
Hsa-Mir-770.aln	40302	40342	41
Hsa-Mir-7854.aln	40343	40382	40
Hsa-Mir-8-P1a.aln	40383	40428	46
Hsa-Mir-8-P1b.aln	40429	40477	49
Hsa-Mir-8-P2a.aln	40478	40520	43
Hsa-Mir-8-P2b.aln	40521	40566	46
Hsa-Mir-8-P3a.aln	40567	40613	47
Hsa-Mir-873-v1.aln	40614	40651	38
Hsa-Mir-873-v2.aln	40652	40687	36
Hsa-Mir-874.aln	40688	40725	38
Hsa-Mir-875.aln	40726	40769	44
Hsa-Mir-876.aln	40770	40807	38
Hsa-Mir-885.aln	40808	40863	56
Hsa-Mir-887.aln	40864	40907	44
Hsa-Mir-9-P1.aln	40908	40975	68
Hsa-Mir-9-P2.aln	40976	41013	38
Hsa-Mir-9-P3.aln	41014	41054	41
Hsa-Mir-92-P1a.aln	41055	41117	63
Hsa-Mir-92-P1b.aln	41118	41171	54
Hsa-Mir-92-P1c.aln	41172	41236	65
Hsa-Mir-92-P2a.aln	41237	41280	44
Hsa-Mir-92-P2b.aln	41281	41355	75
Hsa-Mir-92-P2c.aln	41356	41396	41
Hsa-Mir-934.aln	41397	41435	39
Hsa-Mir-935-v1.aln	41436	41492	57
Hsa-Mir-935-v2.aln	41493	41548	56
Hsa-Mir-944.aln	41549	41589	41
Hsa-Mir-95-P1.aln	41590	41627	38
Hsa-Mir-95-P2.aln	41628	41665	38
Hsa-Mir-95-P3-v1.aln	41666	41709	44
Hsa-Mir-95-P3-v2.aln	41710	41750	41
Hsa-Mir-95-P4.aln	41751	41798	48
Hsa-Mir-96-P1.aln	41799	41842	44
Hsa-Mir-96-P2.aln	41843	41888	46
Hsa-Mir-96-P3-v1.aln	41889	41930	42
Hsa-Mir-96-P3-v2.aln	41931	41969	39
Hsa-Mir-9851.aln	41970	42012	43